32 -8 8 0 99999
33 -5 5 5 0 -12 0 2    0 7 -1 8    -1 8 0 9    0 9 1 8    1 8 0 7    99999
34 -8 8 2 -4 -12 -4 -5    4 -12 4 -5    99999
35 -10 11 4 1 -16 -6 16    7 -16 0 16    -6 -3 8 -3    -7 3 7 3    99999
36 -10 10 21 -2 -16 -2 13    2 -16 2 13    7 -9 5 -11    5 -11 2 -12    2 -12 -2 -12    -2 -12 -5 -11    -5 -11 -7 -9    -7 -9 -7 -7    -7 -7 -6 -5    -6 -5 -5 -4    -5 -4 -3 -3    -3 -3 3 -1    3 -1 5 0    5 0 6 1    6 1 7 3    7 3 7 6    7 6 5 8    5 8 2 9    2 9 -2 9    -2 9 -5 8    -5 8 -7 6    99999
37 -12 12 26 9 -12 -9 9    -4 -12 -2 -10    -2 -10 -2 -8    -2 -8 -3 -6    -3 -6 -5 -5    -5 -5 -7 -5    -7 -5 -9 -7    -9 -7 -9 -9    -9 -9 -8 -11    -8 -11 -6 -12    -6 -12 -4 -12    -4 -12 -2 -11    -2 -11 1 -10    1 -10 4 -10    4 -10 7 -11    7 -11 9 -12    5 2 3 3    3 3 2 5    2 5 2 7    2 7 4 9    4 9 6 9    6 9 8 8    8 8 9 6    9 6 9 4    9 4 7 2    7 2 5 2    99999
38 -13 13 33 10 -3 10 -4    10 -4 9 -5    9 -5 8 -5    8 -5 7 -4    7 -4 6 -2    6 -2 4 3    4 3 2 6    2 6 0 8    0 8 -2 9    -2 9 -6 9    -6 9 -8 8    -8 8 -9 7    -9 7 -10 5    -10 5 -10 3    -10 3 -9 1    -9 1 -8 0    -8 0 -1 -4    -1 -4 0 -5    0 -5 1 -7    1 -7 1 -9    1 -9 0 -11    0 -11 -2 -12    -2 -12 -4 -11    -4 -11 -5 -9    -5 -9 -5 -7    -5 -7 -4 -4    -4 -4 -2 -1    -2 -1 3 6    3 6 5 8    5 8 7 9    7 9 9 9    9 9 10 8    10 8 10 7    99999
39 -5 5 6 0 -10 -1 -11    -1 -11 0 -12    0 -12 1 -11    1 -11 1 -9    1 -9 0 -7    0 -7 -1 -6    99999
40 -7 7 9 4 -16 2 -14    2 -14 0 -11    0 -11 -2 -7    -2 -7 -3 -2    -3 -2 -3 2    -3 2 -2 7    -2 7 0 11    0 11 2 14    2 14 4 16    99999
41 -7 7 9 -4 -16 -2 -14    -2 -14 0 -11    0 -11 2 -7    2 -7 3 -2    3 -2 3 2    3 2 2 7    2 7 0 11    0 11 -2 14    -2 14 -4 16    99999
42 -8 8 3 0 -12 0 0    -5 -9 5 -3    5 -9 -5 -3    99999
43 -13 13 2 0 -9 0 9    -9 0 9 0    99999
44 -5 5 7 1 8 0 9    0 9 -1 8    -1 8 0 7    0 7 1 8    1 8 1 10    1 10 0 12    0 12 -1 13    99999
45 -13 13 1 -9 0 9 0    99999
46 -5 5 4 0 7 -1 8    -1 8 0 9    0 9 1 8    1 8 0 7    99999
47 -11 11 1 9 -16 -9 16    99999
48 -10 10 16 -1 -12 -4 -11    -4 -11 -6 -8    -6 -8 -7 -3    -7 -3 -7 0    -7 0 -6 5    -6 5 -4 8    -4 8 -1 9    -1 9 1 9    1 9 4 8    4 8 6 5    6 5 7 0    7 0 7 -3    7 -3 6 -8    6 -8 4 -11    4 -11 1 -12    1 -12 -1 -12    99999
49 -10 10 3 -4 -8 -2 -9    -2 -9 1 -12    1 -12 1 9    99999
50 -10 10 13 -6 -7 -6 -8    -6 -8 -5 -10    -5 -10 -4 -11    -4 -11 -2 -12    -2 -12 2 -12    2 -12 4 -11    4 -11 5 -10    5 -10 6 -8    6 -8 6 -6    6 -6 5 -4    5 -4 3 -1    3 -1 -7 9    -7 9 7 9    99999
51 -10 10 14 -5 -12 6 -12    6 -12 0 -4    0 -4 3 -4    3 -4 5 -3    5 -3 6 -2    6 -2 7 1    7 1 7 3    7 3 6 6    6 6 4 8    4 8 1 9    1 9 -2 9    -2 9 -5 8    -5 8 -6 7    -6 7 -7 5    99999
52 -10 10 3 3 -12 -7 2    -7 2 8 2    3 -12 3 9    99999
53 -10 10 16 5 -12 -5 -12    -5 -12 -6 -3    -6 -3 -5 -4    -5 -4 -2 -5    -2 -5 1 -5    1 -5 4 -4    4 -4 6 -2    6 -2 7 1    7 1 7 3    7 3 6 6    6 6 4 8    4 8 1 9    1 9 -2 9    -2 9 -5 8    -5 8 -6 7    -6 7 -7 5    99999
54 -10 10 22 6 -9 5 -11    5 -11 2 -12    2 -12 0 -12    0 -12 -3 -11    -3 -11 -5 -8    -5 -8 -6 -3    -6 -3 -6 2    -6 2 -5 6    -5 6 -3 8    -3 8 0 9    0 9 1 9    1 9 4 8    4 8 6 6    6 6 7 3    7 3 7 2    7 2 6 -1    6 -1 4 -3    4 -3 1 -4    1 -4 0 -4    0 -4 -3 -3    -3 -3 -5 -1    -5 -1 -6 2    99999
55 -10 10 2 7 -12 -3 9    -7 -12 7 -12    99999
56 -10 10 28 -2 -12 -5 -11    -5 -11 -6 -9    -6 -9 -6 -7    -6 -7 -5 -5    -5 -5 -3 -4    -3 -4 1 -3    1 -3 4 -2    4 -2 6 0    6 0 7 2    7 2 7 5    7 5 6 7    6 7 5 8    5 8 2 9    2 9 -2 9    -2 9 -5 8    -5 8 -6 7    -6 7 -7 5    -7 5 -7 2    -7 2 -6 0    -6 0 -4 -2    -4 -2 -1 -3    -1 -3 3 -4    3 -4 5 -5    5 -5 6 -7    6 -7 6 -9    6 -9 5 -11    5 -11 2 -12    2 -12 -2 -12    99999
57 -10 10 22 6 -5 5 -2    5 -2 3 0    3 0 0 1    0 1 -1 1    -1 1 -4 0    -4 0 -6 -2    -6 -2 -7 -5    -7 -5 -7 -6    -7 -6 -6 -9    -6 -9 -4 -11    -4 -11 -1 -12    -1 -12 0 -12    0 -12 3 -11    3 -11 5 -9    5 -9 6 -5    6 -5 6 0    6 0 5 5    5 5 3 8    3 8 0 9    0 9 -2 9    -2 9 -5 8    -5 8 -6 6    99999
58 -5 5 8 0 -5 -1 -4    -1 -4 0 -3    0 -3 1 -4    1 -4 0 -5    0 7 -1 8    -1 8 0 9    0 9 1 8    1 8 0 7    99999
59 -5 5 11 0 -5 -1 -4    -1 -4 0 -3    0 -3 1 -4    1 -4 0 -5    1 8 0 9    0 9 -1 8    -1 8 0 7    0 7 1 8    1 8 1 10    1 10 0 12    0 12 -1 13    99999
60 -12 12 2 8 -9 -8 0    -8 0 8 9    99999
61 -13 13 2 -9 -3 9 -3    -9 3 9 3    99999
62 -12 12 2 -8 -9 8 0    8 0 -8 9    99999
63 -9 9 17 -6 -7 -6 -8    -6 -8 -5 -10    -5 -10 -4 -11    -4 -11 -2 -12    -2 -12 2 -12    2 -12 4 -11    4 -11 5 -10    5 -10 6 -8    6 -8 6 -6    6 -6 5 -4    5 -4 4 -3    4 -3 0 -1    0 -1 0 2    0 7 -1 8    -1 8 0 9    0 9 1 8    1 8 0 7    99999
64 -13 14 48 5 -4 4 -6    4 -6 2 -7    2 -7 -1 -7    -1 -7 -3 -6    -3 -6 -4 -5    -4 -5 -5 -2    -5 -2 -5 1    -5 1 -4 3    -4 3 -2 4    -2 4 1 4    1 4 3 3    3 3 4 1    -1 -7 -3 -5    -3 -5 -4 -2    -4 -2 -4 1    -4 1 -3 3    -3 3 -2 4    5 -7 4 1    4 1 4 3    4 3 6 4    6 4 8 4    8 4 10 2    10 2 11 -1    11 -1 11 -3    11 -3 10 -6    10 -6 9 -8    9 -8 7 -10    7 -10 5 -11    5 -11 2 -12    2 -12 -1 -12    -1 -12 -4 -11    -4 -11 -6 -10    -6 -10 -8 -8    -8 -8 -9 -6    -9 -6 -10 -3    -10 -3 -10 0    -10 0 -9 3    -9 3 -8 5    -8 5 -6 7    -6 7 -4 8    -4 8 -1 9    -1 9 2 9    2 9 5 8    5 8 7 7    7 7 8 6    6 -7 5 1    5 1 5 3    5 3 6 4    99999
65 -9 9 3 0 -12 -8 9    0 -12 8 9    -5 2 5 2    99999
66 -11 10 18 -7 -12 -7 9    -7 -12 2 -12    2 -12 5 -11    5 -11 6 -10    6 -10 7 -8    7 -8 7 -6    7 -6 6 -4    6 -4 5 -3    5 -3 2 -2    -7 -2 2 -2    2 -2 5 -1    5 -1 6 0    6 0 7 2    7 2 7 5    7 5 6 7    6 7 5 8    5 8 2 9    2 9 -7 9    99999
67 -10 11 17 8 -7 7 -9    7 -9 5 -11    5 -11 3 -12    3 -12 -1 -12    -1 -12 -3 -11    -3 -11 -5 -9    -5 -9 -6 -7    -6 -7 -7 -4    -7 -4 -7 1    -7 1 -6 4    -6 4 -5 6    -5 6 -3 8    -3 8 -1 9    -1 9 3 9    3 9 5 8    5 8 7 6    7 6 8 4    99999
68 -11 10 12 -7 -12 -7 9    -7 -12 0 -12    0 -12 3 -11    3 -11 5 -9    5 -9 6 -7    6 -7 7 -4    7 -4 7 1    7 1 6 4    6 4 5 6    5 6 3 8    3 8 0 9    0 9 -7 9    99999
69 -10 9 4 -6 -12 -6 9    -6 -12 7 -12    -6 -2 2 -2    -6 9 7 9    99999
70 -10 8 3 -6 -12 -6 9    -6 -12 7 -12    -6 -2 2 -2    99999
71 -10 11 19 8 -7 7 -9    7 -9 5 -11    5 -11 3 -12    3 -12 -1 -12    -1 -12 -3 -11    -3 -11 -5 -9    -5 -9 -6 -7    -6 -7 -7 -4    -7 -4 -7 1    -7 1 -6 4    -6 4 -5 6    -5 6 -3 8    -3 8 -1 9    -1 9 3 9    3 9 5 8    5 8 7 6    7 6 8 4    8 4 8 1    3 1 8 1    99999
72 -11 11 3 -7 -12 -7 9    7 -12 7 9    -7 -2 7 -2    99999
73 -4 4 1 0 -12 0 9    99999
74 -8 8 9 4 -12 4 4    4 4 3 7    3 7 2 8    2 8 0 9    0 9 -2 9    -2 9 -4 8    -4 8 -5 7    -5 7 -6 4    -6 4 -6 2    99999
75 -11 10 3 -7 -12 -7 9    7 -12 -7 2    -2 -3 7 9    99999
76 -10 7 2 -6 -12 -6 9    -6 9 6 9    99999
77 -12 12 4 -8 -12 -8 9    -8 -12 0 9    8 -12 0 9    8 -12 8 9    99999
78 -11 11 3 -7 -12 -7 9    -7 -12 7 9    7 -12 7 9    99999
79 -11 11 20 -2 -12 -4 -11    -4 -11 -6 -9    -6 -9 -7 -7    -7 -7 -8 -4    -8 -4 -8 1    -8 1 -7 4    -7 4 -6 6    -6 6 -4 8    -4 8 -2 9    -2 9 2 9    2 9 4 8    4 8 6 6    6 6 7 4    7 4 8 1    8 1 8 -4    8 -4 7 -7    7 -7 6 -9    6 -9 4 -11    4 -11 2 -12    2 -12 -2 -12    99999
80 -11 10 10 -7 -12 -7 9    -7 -12 2 -12    2 -12 5 -11    5 -11 6 -10    6 -10 7 -8    7 -8 7 -5    7 -5 6 -3    6 -3 5 -2    5 -2 2 -1    2 -1 -7 -1    99999
81 -11 11 21 -2 -12 -4 -11    -4 -11 -6 -9    -6 -9 -7 -7    -7 -7 -8 -4    -8 -4 -8 1    -8 1 -7 4    -7 4 -6 6    -6 6 -4 8    -4 8 -2 9    -2 9 2 9    2 9 4 8    4 8 6 6    6 6 7 4    7 4 8 1    8 1 8 -4    8 -4 7 -7    7 -7 6 -9    6 -9 4 -11    4 -11 2 -12    2 -12 -2 -12    1 5 7 11    99999
82 -11 10 11 -7 -12 -7 9    -7 -12 2 -12    2 -12 5 -11    5 -11 6 -10    6 -10 7 -8    7 -8 7 -6    7 -6 6 -4    6 -4 5 -3    5 -3 2 -2    2 -2 -7 -2    0 -2 7 9    99999
83 -10 10 19 7 -9 5 -11    5 -11 2 -12    2 -12 -2 -12    -2 -12 -5 -11    -5 -11 -7 -9    -7 -9 -7 -7    -7 -7 -6 -5    -6 -5 -5 -4    -5 -4 -3 -3    -3 -3 3 -1    3 -1 5 0    5 0 6 1    6 1 7 3    7 3 7 6    7 6 5 8    5 8 2 9    2 9 -2 9    -2 9 -5 8    -5 8 -7 6    99999
84 -8 8 2 0 -12 0 9    -7 -12 7 -12    99999
85 -11 11 9 -7 -12 -7 3    -7 3 -6 6    -6 6 -4 8    -4 8 -1 9    -1 9 1 9    1 9 4 8    4 8 6 6    6 6 7 3    7 3 7 -12    99999
86 -9 9 2 -8 -12 0 9    8 -12 0 9    99999
87 -12 12 4 -10 -12 -5 9    0 -12 -5 9    0 -12 5 9    10 -12 5 9    99999
88 -10 10 2 -7 -12 7 9    7 -12 -7 9    99999
89 -9 9 3 -8 -12 0 -2    0 -2 0 9    8 -12 0 -2    99999
90 -10 10 3 7 -12 -7 9    -7 -12 7 -12    -7 9 7 9    99999
91 -7 7 4 -3 -16 -3 16    -2 -16 -2 16    -3 -16 4 -16    -3 16 4 16    99999
92 -7 7 1 -7 -12 7 12    99999
93 -7 7 4 2 -16 2 16    3 -16 3 16    -4 -16 3 -16    -4 16 3 16    99999
94 -8 8 5 -2 -6 0 -9    0 -9 2 -6    -5 -3 0 -8    0 -8 5 -3    0 -8 0 9    99999
95 -8 8 1 -8 11 8 11    99999
96 -5 5 6 1 -12 0 -11    0 -11 -1 -9    -1 -9 -1 -7    -1 -7 0 -6    0 -6 1 -7    1 -7 0 -8    99999
97 -9 10 14 6 -5 6 9    6 -2 4 -4    4 -4 2 -5    2 -5 -1 -5    -1 -5 -3 -4    -3 -4 -5 -2    -5 -2 -6 1    -6 1 -6 3    -6 3 -5 6    -5 6 -3 8    -3 8 -1 9    -1 9 2 9    2 9 4 8    4 8 6 6    99999
98 -10 9 14 -6 -12 -6 9    -6 -2 -4 -4    -4 -4 -2 -5    -2 -5 1 -5    1 -5 3 -4    3 -4 5 -2    5 -2 6 1    6 1 6 3    6 3 5 6    5 6 3 8    3 8 1 9    1 9 -2 9    -2 9 -4 8    -4 8 -6 6    99999
99 -9 9 13 6 -2 4 -4    4 -4 2 -5    2 -5 -1 -5    -1 -5 -3 -4    -3 -4 -5 -2    -5 -2 -6 1    -6 1 -6 3    -6 3 -5 6    -5 6 -3 8    -3 8 -1 9    -1 9 2 9    2 9 4 8    4 8 6 6    99999
100 -9 10 14 6 -12 6 9    6 -2 4 -4    4 -4 2 -5    2 -5 -1 -5    -1 -5 -3 -4    -3 -4 -5 -2    -5 -2 -6 1    -6 1 -6 3    -6 3 -5 6    -5 6 -3 8    -3 8 -1 9    -1 9 2 9    2 9 4 8    4 8 6 6    99999
101 -9 9 16 -6 1 6 1    6 1 6 -1    6 -1 5 -3    5 -3 4 -4    4 -4 2 -5    2 -5 -1 -5    -1 -5 -3 -4    -3 -4 -5 -2    -5 -2 -6 1    -6 1 -6 3    -6 3 -5 6    -5 6 -3 8    -3 8 -1 9    -1 9 2 9    2 9 4 8    4 8 6 6    99999
102 -5 7 5 5 -12 3 -12    3 -12 1 -11    1 -11 0 -8    0 -8 0 9    -3 -5 4 -5    99999
103 -9 10 19 6 -5 6 11    6 11 5 14    5 14 4 15    4 15 2 16    2 16 -1 16    -1 16 -3 15    6 -2 4 -4    4 -4 2 -5    2 -5 -1 -5    -1 -5 -3 -4    -3 -4 -5 -2    -5 -2 -6 1    -6 1 -6 3    -6 3 -5 6    -5 6 -3 8    -3 8 -1 9    -1 9 2 9    2 9 4 8    4 8 6 6    99999
104 -9 10 7 -5 -12 -5 9    -5 -1 -2 -4    -2 -4 0 -5    0 -5 3 -5    3 -5 5 -4    5 -4 6 -1    6 -1 6 9    99999
105 -4 4 5 -1 -12 0 -11    0 -11 1 -12    1 -12 0 -13    0 -13 -1 -12    0 -5 0 9    99999
106 -5 5 8 0 -12 1 -11    1 -11 2 -12    2 -12 1 -13    1 -13 0 -12    1 -5 1 12    1 12 0 15    0 15 -2 16    -2 16 -4 16    99999
107 -9 8 3 -5 -12 -5 9    5 -5 -5 5    -1 1 6 9    99999
108 -4 4 1 0 -12 0 9    99999
109 -15 15 13 -11 -5 -11 9    -11 -1 -8 -4    -8 -4 -6 -5    -6 -5 -3 -5    -3 -5 -1 -4    -1 -4 0 -1    0 -1 0 9    0 -1 3 -4    3 -4 5 -5    5 -5 8 -5    8 -5 10 -4    10 -4 11 -1    11 -1 11 9    99999
110 -9 10 7 -5 -5 -5 9    -5 -1 -2 -4    -2 -4 0 -5    0 -5 3 -5    3 -5 5 -4    5 -4 6 -1    6 -1 6 9    99999
111 -9 10 16 -1 -5 -3 -4    -3 -4 -5 -2    -5 -2 -6 1    -6 1 -6 3    -6 3 -5 6    -5 6 -3 8    -3 8 -1 9    -1 9 2 9    2 9 4 8    4 8 6 6    6 6 7 3    7 3 7 1    7 1 6 -2    6 -2 4 -4    4 -4 2 -5    2 -5 -1 -5    99999
112 -10 9 14 -6 -5 -6 16    -6 -2 -4 -4    -4 -4 -2 -5    -2 -5 1 -5    1 -5 3 -4    3 -4 5 -2    5 -2 6 1    6 1 6 3    6 3 5 6    5 6 3 8    3 8 1 9    1 9 -2 9    -2 9 -4 8    -4 8 -6 6    99999
113 -9 10 14 6 -5 6 16    6 -2 4 -4    4 -4 2 -5    2 -5 -1 -5    -1 -5 -3 -4    -3 -4 -5 -2    -5 -2 -6 1    -6 1 -6 3    -6 3 -5 6    -5 6 -3 8    -3 8 -1 9    -1 9 2 9    2 9 4 8    4 8 6 6    99999
114 -7 6 5 -3 -5 -3 9    -3 1 -2 -2    -2 -2 0 -4    0 -4 2 -5    2 -5 5 -5    99999
115 -8 9 16 6 -2 5 -4    5 -4 2 -5    2 -5 -1 -5    -1 -5 -4 -4    -4 -4 -5 -2    -5 -2 -4 0    -4 0 -2 1    -2 1 3 2    3 2 5 3    5 3 6 5    6 5 6 6    6 6 5 8    5 8 2 9    2 9 -1 9    -1 9 -4 8    -4 8 -5 6    99999
116 -5 7 5 0 -12 0 5    0 5 1 8    1 8 3 9    3 9 5 9    -3 -5 4 -5    99999
117 -9 10 7 -5 -5 -5 5    -5 5 -4 8    -4 8 -2 9    -2 9 1 9    1 9 3 8    3 8 6 5    6 -5 6 9    99999
118 -8 8 2 -6 -5 0 9    6 -5 0 9    99999
119 -11 11 4 -8 -5 -4 9    0 -5 -4 9    0 -5 4 9    8 -5 4 9    99999
120 -8 9 2 -5 -5 6 9    6 -5 -5 9    99999
121 -8 8 6 -6 -5 0 9    6 -5 0 9    0 9 -2 13    -2 13 -4 15    -4 15 -6 16    -6 16 -7 16    99999
122 -8 9 3 6 -5 -5 9    -5 -5 6 -5    -5 9 6 9    99999
123 -7 7 34 2 -16 0 -15    0 -15 -1 -14    -1 -14 -2 -12    -2 -12 -2 -10    -2 -10 -1 -8    -1 -8 0 -7    0 -7 1 -5    1 -5 1 -3    1 -3 -1 -1    0 -15 -1 -13    -1 -13 -1 -11    -1 -11 0 -9    0 -9 1 -8    1 -8 2 -6    2 -6 2 -4    2 -4 1 -2    1 -2 -3 0    -3 0 1 2    1 2 2 4    2 4 2 6    2 6 1 8    1 8 0 9    0 9 -1 11    -1 11 -1 13    -1 13 0 15    -1 1 1 3    1 3 1 5    1 5 0 7    0 7 -1 8    -1 8 -2 10    -2 10 -2 12    -2 12 -1 14    -1 14 0 15    0 15 2 16    99999
124 -4 4 1 0 -16 0 16    99999
125 -7 7 34 -2 -16 0 -15    0 -15 1 -14    1 -14 2 -12    2 -12 2 -10    2 -10 1 -8    1 -8 0 -7    0 -7 -1 -5    -1 -5 -1 -3    -1 -3 1 -1    0 -15 1 -13    1 -13 1 -11    1 -11 0 -9    0 -9 -1 -8    -1 -8 -2 -6    -2 -6 -2 -4    -2 -4 -1 -2    -1 -2 3 0    3 0 -1 2    -1 2 -2 4    -2 4 -2 6    -2 6 -1 8    -1 8 0 9    0 9 1 11    1 11 1 13    1 13 0 15    1 1 -1 3    -1 3 -1 5    -1 5 0 7    0 7 1 8    1 8 2 10    2 10 2 12    2 12 1 14    1 14 0 15    0 15 -2 16    99999
126 -12 12 20 -9 3 -9 1    -9 1 -8 -2    -8 -2 -6 -3    -6 -3 -4 -3    -4 -3 -2 -2    -2 -2 2 1    2 1 4 2    4 2 6 2    6 2 8 1    8 1 9 -1    -9 1 -8 -1    -8 -1 -6 -2    -6 -2 -4 -2    -4 -2 -2 -1    -2 -1 2 2    2 2 4 3    4 3 6 3    6 3 8 2    8 2 9 -1    9 -1 9 -3    99999
127 -7 7 12 -1 -12 -3 -11    -3 -11 -4 -9    -4 -9 -4 -7    -4 -7 -3 -5    -3 -5 -1 -4    -1 -4 1 -4    1 -4 3 -5    3 -5 4 -7    4 -7 4 -9    4 -9 3 -11    3 -11 1 -12    1 -12 -1 -12    99999
