32 -8 8 0 99999
33 -5 6 9 3 -12 2 -11    2 -11 0 1    3 -11 0 1    3 -12 4 -11    4 -11 0 1    -2 7 -3 8    -3 8 -2 9    -2 9 -1 8    -1 8 -2 7    99999
34 -9 9 4 -2 -12 -4 -5    -1 -12 -4 -5    7 -12 5 -5    8 -12 5 -5    99999
35 -10 11 4 1 -12 -6 16    7 -12 0 16    -6 -1 8 -1    -7 5 7 5    99999
36 -10 11 33 2 -16 -6 13    7 -16 -1 13    8 -8 7 -7    7 -7 8 -6    8 -6 9 -7    9 -7 9 -8    9 -8 8 -10    8 -10 7 -11    7 -11 4 -12    4 -12 0 -12    0 -12 -3 -11    -3 -11 -5 -9    -5 -9 -5 -7    -5 -7 -4 -5    -4 -5 -3 -4    -3 -4 4 0    4 0 6 2    -5 -7 -3 -5    -3 -5 4 -1    4 -1 5 0    5 0 6 2    6 2 6 5    6 5 5 7    5 7 4 8    4 8 1 9    1 9 -3 9    -3 9 -6 8    -6 8 -7 7    -7 7 -8 5    -8 5 -8 4    -8 4 -7 3    -7 3 -6 4    -6 4 -7 5    99999
37 -12 12 26 9 -12 -9 9    -4 -12 -2 -10    -2 -10 -2 -8    -2 -8 -3 -6    -3 -6 -5 -5    -5 -5 -7 -5    -7 -5 -9 -7    -9 -7 -9 -9    -9 -9 -8 -11    -8 -11 -6 -12    -6 -12 -4 -12    -4 -12 -2 -11    -2 -11 1 -10    1 -10 4 -10    4 -10 7 -11    7 -11 9 -12    5 2 3 3    3 3 2 5    2 5 2 7    2 7 4 9    4 9 6 9    6 9 8 8    8 8 9 6    9 6 9 4    9 4 7 2    7 2 5 2    99999
38 -13 13 49 10 -4 9 -3    9 -3 10 -2    10 -2 11 -3    11 -3 11 -4    11 -4 10 -5    10 -5 9 -5    9 -5 7 -4    7 -4 5 -2    5 -2 0 6    0 6 -2 8    -2 8 -4 9    -4 9 -7 9    -7 9 -10 8    -10 8 -11 6    -11 6 -11 4    -11 4 -10 2    -10 2 -9 1    -9 1 -7 0    -7 0 -2 -2    -2 -2 0 -3    0 -3 2 -5    2 -5 3 -7    3 -7 3 -9    3 -9 2 -11    2 -11 0 -12    0 -12 -2 -11    -2 -11 -3 -9    -3 -9 -3 -6    -3 -6 -2 0    -2 0 -1 3    -1 3 1 6    1 6 3 8    3 8 5 9    5 9 7 9    7 9 8 7    8 7 8 6    -7 9 -9 8    -9 8 -10 6    -10 6 -10 4    -10 4 -9 2    -9 2 -8 1    -8 1 -2 -2    -3 -6 -2 -1    -2 -1 -1 2    -1 2 1 5    1 5 3 7    3 7 5 8    5 8 7 8    7 8 8 7    99999
39 -5 6 6 3 -10 2 -11    2 -11 3 -12    3 -12 4 -11    4 -11 4 -10    4 -10 3 -8    3 -8 1 -6    99999
40 -7 8 16 8 -16 4 -13    4 -13 1 -10    1 -10 -1 -7    -1 -7 -3 -3    -3 -3 -4 2    -4 2 -4 6    -4 6 -3 11    -3 11 -2 14    -2 14 -1 16    4 -13 1 -9    1 -9 -1 -5    -1 -5 -2 -2    -2 -2 -3 3    -3 3 -3 8    -3 8 -2 13    -2 13 -1 16    99999
41 -8 7 16 1 -16 2 -14    2 -14 3 -11    3 -11 4 -6    4 -6 4 -2    4 -2 3 3    3 3 1 7    1 7 -1 10    -1 10 -4 13    -4 13 -8 16    1 -16 2 -13    2 -13 3 -8    3 -8 3 -3    3 -3 2 2    2 2 1 5    1 5 -1 9    -1 9 -4 13    99999
42 -8 9 3 2 -12 2 0    -3 -9 7 -3    7 -9 -3 -3    99999
43 -13 13 2 0 -9 0 9    -9 0 9 0    99999
44 -5 6 6 -2 9 -3 8    -3 8 -2 7    -2 7 -1 8    -1 8 -1 9    -1 9 -2 11    -2 11 -4 13    99999
45 -13 13 1 -9 0 9 0    99999
46 -5 6 4 -2 7 -3 8    -3 8 -2 9    -2 9 -1 8    -1 8 -2 7    99999
47 -11 11 1 13 -16 -13 16    99999
48 -10 11 36 2 -12 -1 -11    -1 -11 -3 -9    -3 -9 -5 -6    -5 -6 -6 -3    -6 -3 -7 1    -7 1 -7 4    -7 4 -6 7    -6 7 -5 8    -5 8 -3 9    -3 9 -1 9    -1 9 2 8    2 8 4 6    4 6 6 3    6 3 7 0    7 0 8 -4    8 -4 8 -7    8 -7 7 -10    7 -10 6 -11    6 -11 4 -12    4 -12 2 -12    2 -12 0 -11    0 -11 -2 -9    -2 -9 -4 -6    -4 -6 -5 -3    -5 -3 -6 1    -6 1 -6 4    -6 4 -5 7    -5 7 -3 9    -1 9 1 8    1 8 3 6    3 6 5 3    5 3 6 0    6 0 7 -4    7 -4 7 -7    7 -7 6 -10    6 -10 4 -12    99999
49 -10 11 7 2 -8 -3 9    4 -12 -2 9    4 -12 1 -9    1 -9 -2 -7    -2 -7 -4 -6    3 -9 -1 -7    -1 -7 -4 -6    99999
50 -10 11 34 -3 -8 -2 -7    -2 -7 -3 -6    -3 -6 -4 -7    -4 -7 -4 -8    -4 -8 -3 -10    -3 -10 -2 -11    -2 -11 1 -12    1 -12 4 -12    4 -12 7 -11    7 -11 8 -9    8 -9 8 -7    8 -7 7 -5    7 -5 5 -3    5 -3 2 -1    2 -1 -2 1    -2 1 -5 3    -5 3 -7 5    -7 5 -9 9    4 -12 6 -11    6 -11 7 -9    7 -9 7 -7    7 -7 6 -5    6 -5 4 -3    4 -3 -2 1    -8 7 -7 6    -7 6 -5 6    -5 6 0 8    0 8 3 8    3 8 5 7    5 7 6 5    -5 6 0 9    0 9 3 9    3 9 5 8    5 8 6 5    99999
51 -10 11 42 -3 -8 -2 -7    -2 -7 -3 -6    -3 -6 -4 -7    -4 -7 -4 -8    -4 -8 -3 -10    -3 -10 -2 -11    -2 -11 1 -12    1 -12 4 -12    4 -12 7 -11    7 -11 8 -9    8 -9 8 -7    8 -7 7 -5    7 -5 4 -3    4 -3 1 -2    4 -12 6 -11    6 -11 7 -9    7 -9 7 -7    7 -7 6 -5    6 -5 4 -3    -1 -2 1 -2    1 -2 4 -1    4 -1 5 0    5 0 6 2    6 2 6 5    6 5 5 7    5 7 4 8    4 8 1 9    1 9 -3 9    -3 9 -6 8    -6 8 -7 7    -7 7 -8 5    -8 5 -8 4    -8 4 -7 3    -7 3 -6 4    -6 4 -7 5    1 -2 3 -1    3 -1 4 0    4 0 5 2    5 2 5 5    5 5 4 7    4 7 3 8    3 8 1 9    99999
52 -10 11 4 6 -11 0 9    7 -12 1 9    7 -12 -8 3    -8 3 8 3    99999
53 -10 11 29 -1 -12 -6 -2    -1 -12 9 -12    -1 -11 4 -11    4 -11 9 -12    -6 -2 -5 -3    -5 -3 -2 -4    -2 -4 1 -4    1 -4 4 -3    4 -3 5 -2    5 -2 6 0    6 0 6 3    6 3 5 6    5 6 3 8    3 8 0 9    0 9 -3 9    -3 9 -6 8    -6 8 -7 7    -7 7 -8 5    -8 5 -8 4    -8 4 -7 3    -7 3 -6 4    -6 4 -7 5    1 -4 3 -3    3 -3 4 -2    4 -2 5 0    5 0 5 3    5 3 4 6    4 6 2 8    2 8 0 9    99999
54 -10 11 40 7 -9 6 -8    6 -8 7 -7    7 -7 8 -8    8 -8 8 -9    8 -9 7 -11    7 -11 5 -12    5 -12 2 -12    2 -12 -1 -11    -1 -11 -3 -9    -3 -9 -5 -6    -5 -6 -6 -3    -6 -3 -7 1    -7 1 -7 5    -7 5 -6 7    -6 7 -5 8    -5 8 -3 9    -3 9 0 9    0 9 3 8    3 8 5 6    5 6 6 4    6 4 6 1    6 1 5 -1    5 -1 4 -2    4 -2 2 -3    2 -3 -1 -3    -1 -3 -3 -2    -3 -2 -5 0    -5 0 -6 2    2 -12 0 -11    0 -11 -2 -9    -2 -9 -4 -6    -4 -6 -5 -3    -5 -3 -6 1    -6 1 -6 6    -6 6 -5 8    0 9 2 8    2 8 4 6    4 6 5 4    5 4 5 0    5 0 4 -2    99999
55 -10 11 20 -4 -12 -6 -6    9 -12 8 -9    8 -9 6 -6    6 -6 1 0    1 0 -1 3    -1 3 -2 5    -2 5 -3 9    6 -6 0 0    0 0 -2 3    -2 3 -3 5    -3 5 -4 9    -5 -9 -2 -12    -2 -12 0 -12    0 -12 5 -9    -4 -10 -2 -11    -2 -11 0 -11    0 -11 5 -9    5 -9 7 -9    7 -9 8 -10    8 -10 9 -12    99999
56 -10 11 51 1 -12 -2 -11    -2 -11 -3 -10    -3 -10 -4 -8    -4 -8 -4 -5    -4 -5 -3 -3    -3 -3 -1 -2    -1 -2 2 -2    2 -2 6 -3    6 -3 7 -4    7 -4 8 -6    8 -6 8 -9    8 -9 7 -11    7 -11 4 -12    4 -12 1 -12    1 -12 -1 -11    -1 -11 -2 -10    -2 -10 -3 -8    -3 -8 -3 -5    -3 -5 -2 -3    -2 -3 -1 -2    2 -2 5 -3    5 -3 6 -4    6 -4 7 -6    7 -6 7 -9    7 -9 6 -11    6 -11 4 -12    -1 -2 -5 -1    -5 -1 -7 1    -7 1 -8 3    -8 3 -8 6    -8 6 -7 8    -7 8 -4 9    -4 9 0 9    0 9 4 8    4 8 5 7    5 7 6 5    6 5 6 2    6 2 5 0    5 0 4 -1    4 -1 2 -2    -1 -2 -4 -1    -4 -1 -6 1    -6 1 -7 3    -7 3 -7 6    -7 6 -6 8    -6 8 -4 9    0 9 3 8    3 8 4 7    4 7 5 5    5 5 5 1    5 1 4 -1    99999
57 -10 11 40 7 -5 6 -3    6 -3 4 -1    4 -1 2 0    2 0 -1 0    -1 0 -3 -1    -3 -1 -4 -2    -4 -2 -5 -4    -5 -4 -5 -7    -5 -7 -4 -9    -4 -9 -2 -11    -2 -11 1 -12    1 -12 4 -12    4 -12 6 -11    6 -11 7 -10    7 -10 8 -8    8 -8 8 -4    8 -4 7 0    7 0 6 3    6 3 4 6    4 6 2 8    2 8 -1 9    -1 9 -4 9    -4 9 -6 8    -6 8 -7 6    -7 6 -7 5    -7 5 -6 4    -6 4 -5 5    -5 5 -6 6    -3 -1 -4 -3    -4 -3 -4 -7    -4 -7 -3 -9    -3 -9 -1 -11    -1 -11 1 -12    6 -11 7 -9    7 -9 7 -4    7 -4 6 0    6 0 5 3    5 3 3 6    3 6 1 8    1 8 -1 9    99999
58 -5 6 7 1 -5 0 -4    0 -4 1 -3    1 -3 2 -4    2 -4 1 -5    -2 7 -3 8    -3 8 -2 9    -2 9 -1 8    99999
59 -5 6 10 1 -5 0 -4    0 -4 1 -3    1 -3 2 -4    2 -4 1 -5    -2 9 -3 8    -3 8 -2 7    -2 7 -1 8    -1 8 -1 9    -1 9 -2 11    -2 11 -4 13    99999
60 -12 12 2 8 -9 -8 0    -8 0 8 9    99999
61 -13 13 2 -9 -3 9 -3    -9 3 9 3    99999
62 -12 12 2 -8 -9 8 0    8 0 -8 9    99999
63 -10 11 28 -3 -8 -2 -7    -2 -7 -3 -6    -3 -6 -4 -7    -4 -7 -4 -8    -4 -8 -3 -10    -3 -10 -2 -11    -2 -11 1 -12    1 -12 5 -12    5 -12 8 -11    8 -11 9 -9    9 -9 9 -7    9 -7 8 -5    8 -5 7 -4    7 -4 1 -2    1 -2 -1 -1    -1 -1 -1 1    -1 1 0 2    0 2 2 2    5 -12 7 -11    7 -11 8 -9    8 -9 8 -7    8 -7 7 -5    7 -5 6 -4    6 -4 4 -3    -2 7 -3 8    -3 8 -2 9    -2 9 -1 8    -1 8 -2 7    99999
64 -13 14 48 5 -4 4 -6    4 -6 2 -7    2 -7 -1 -7    -1 -7 -3 -6    -3 -6 -4 -5    -4 -5 -5 -2    -5 -2 -5 1    -5 1 -4 3    -4 3 -2 4    -2 4 1 4    1 4 3 3    3 3 4 1    -1 -7 -3 -5    -3 -5 -4 -2    -4 -2 -4 1    -4 1 -3 3    -3 3 -2 4    5 -7 4 1    4 1 4 3    4 3 6 4    6 4 8 4    8 4 10 2    10 2 11 -1    11 -1 11 -3    11 -3 10 -6    10 -6 9 -8    9 -8 7 -10    7 -10 5 -11    5 -11 2 -12    2 -12 -1 -12    -1 -12 -4 -11    -4 -11 -6 -10    -6 -10 -8 -8    -8 -8 -9 -6    -9 -6 -10 -3    -10 -3 -10 0    -10 0 -9 3    -9 3 -8 5    -8 5 -6 7    -6 7 -4 8    -4 8 -1 9    -1 9 2 9    2 9 5 8    5 8 7 7    7 7 8 6    6 -7 5 1    5 1 5 3    5 3 6 4    99999
65 -13 10 30 6 -12 4 -10    4 -10 2 -7    2 -7 -1 -2    -1 -2 -3 1    -3 1 -6 5    -6 5 -9 8    -9 8 -11 9    -11 9 -13 9    -13 9 -14 8    -14 8 -14 6    -14 6 -13 5    -13 5 -12 6    -12 6 -13 7    6 -12 5 -8    5 -8 3 2    3 2 2 9    6 -12 3 9    2 9 2 7    2 7 1 4    1 4 0 2    0 2 -2 0    -2 0 -4 -1    -4 -1 -6 -1    -6 -1 -7 0    -7 0 -7 2    -7 2 -6 5    -6 5 -3 8    -3 8 0 9    0 9 4 9    4 9 6 8    99999
66 -12 12 58 3 -11 2 -10    2 -10 1 -8    1 -8 -1 -3    -1 -3 -3 3    -3 3 -4 5    -4 5 -6 8    -6 8 -8 9    2 -10 1 -7    1 -7 -1 1    -1 1 -2 4    -2 4 -3 6    -3 6 -5 8    -5 8 -8 9    -8 9 -10 9    -10 9 -11 8    -11 8 -11 6    -11 6 -10 5    -10 5 -9 6    -9 6 -10 7    -3 -6 -4 -4    -4 -4 -5 -3    -5 -3 -7 -3    -7 -3 -8 -4    -8 -4 -8 -6    -8 -6 -7 -8    -7 -8 -5 -10    -5 -10 -3 -11    -3 -11 0 -12    0 -12 6 -12    6 -12 8 -11    8 -11 9 -9    9 -9 9 -7    9 -7 8 -5    8 -5 6 -4    6 -4 2 -3    2 -3 0 -3    6 -12 7 -11    7 -11 8 -9    8 -9 8 -7    8 -7 7 -5    7 -5 6 -4    2 -3 5 -2    5 -2 6 -1    6 -1 7 1    7 1 7 4    7 4 6 7    6 7 5 8    5 8 3 9    3 9 1 9    1 9 0 8    0 8 0 6    0 6 1 3    2 -3 4 -2    4 -2 5 -1    5 -1 6 1    6 1 6 4    6 4 5 7    5 7 3 9    99999
67 -10 11 37 -7 -10 -8 -8    -8 -8 -8 -6    -8 -6 -7 -4    -7 -4 -4 -3    -4 -3 -1 -3    -1 -3 3 -4    3 -4 5 -5    5 -5 7 -7    7 -7 8 -9    8 -9 8 -11    8 -11 7 -12    7 -12 5 -12    5 -12 2 -11    2 -11 -1 -8    -1 -8 -3 -5    -3 -5 -5 -1    -5 -1 -6 3    -6 3 -6 6    -6 6 -5 8    -5 8 -2 9    -2 9 0 9    0 9 3 8    3 8 5 6    5 6 6 4    6 4 6 2    6 2 5 0    5 0 3 0    3 0 1 1    1 1 0 3    5 -12 3 -11    3 -11 0 -8    0 -8 -2 -5    -2 -5 -4 -1    -4 -1 -5 3    -5 3 -5 6    -5 6 -4 8    -4 8 -2 9    99999
68 -12 11 39 3 -11 2 -10    2 -10 1 -8    1 -8 -1 -3    -1 -3 -3 3    -3 3 -4 5    -4 5 -6 8    -6 8 -8 9    2 -10 1 -7    1 -7 -1 1    -1 1 -2 4    -2 4 -3 6    -3 6 -5 8    -5 8 -8 9    -8 9 -10 9    -10 9 -11 8    -11 8 -11 6    -11 6 -10 5    -10 5 -8 5    -8 5 -6 6    -6 6 -4 8    -4 8 -2 9    -2 9 1 9    1 9 3 8    3 8 5 6    5 6 7 2    7 2 8 -3    8 -3 8 -6    8 -6 7 -9    7 -9 5 -11    5 -11 3 -12    3 -12 -2 -12    -2 -12 -5 -11    -5 -11 -7 -9    -7 -9 -8 -7    -8 -7 -8 -5    -8 -5 -7 -4    -7 -4 -5 -4    -5 -4 -4 -5    -4 -5 -3 -7    99999
69 -9 10 41 5 -9 4 -8    4 -8 4 -6    4 -6 5 -5    5 -5 7 -5    7 -5 8 -7    8 -7 8 -9    8 -9 7 -11    7 -11 5 -12    5 -12 2 -12    2 -12 0 -11    0 -11 -1 -10    -1 -10 -2 -8    -2 -8 -2 -6    -2 -6 -1 -4    -1 -4 1 -3    2 -12 0 -10    0 -10 -1 -8    -1 -8 -1 -5    -1 -5 1 -3    1 -3 -1 -3    -1 -3 -4 -2    -4 -2 -6 0    -6 0 -7 2    -7 2 -7 5    -7 5 -6 7    -6 7 -5 8    -5 8 -3 9    -3 9 0 9    0 9 3 8    3 8 5 6    5 6 6 4    6 4 6 2    6 2 5 0    5 0 3 0    3 0 1 1    1 1 0 3    -1 -3 -3 -2    -3 -2 -5 0    -5 0 -6 2    -6 2 -6 6    -6 6 -5 8    99999
70 -11 10 38 5 -10 4 -8    4 -8 2 -3    2 -3 0 3    0 3 -1 5    -1 5 -3 8    -3 8 -5 9    -1 -6 -2 -4    -2 -4 -4 -3    -4 -3 -6 -3    -6 -3 -7 -5    -7 -5 -7 -7    -7 -7 -6 -9    -6 -9 -4 -11    -4 -11 -1 -12    -1 -12 9 -12    9 -12 6 -11    6 -11 5 -10    5 -10 4 -7    4 -7 2 1    2 1 1 4    1 4 0 6    0 6 -2 8    -2 8 -5 9    -5 9 -7 9    -7 9 -9 8    -9 8 -10 7    -10 7 -10 6    -10 6 -9 5    -9 5 -8 6    -8 6 -9 7    1 -12 5 -11    5 -11 6 -11    -3 1 -2 0    -2 0 0 -1    0 -1 4 -1    4 -1 6 -2    6 -2 8 -5    8 -5 6 2    99999
71 -11 11 45 -8 -9 -9 -7    -9 -7 -9 -5    -9 -5 -8 -3    -8 -3 -6 -2    -6 -2 -3 -2    -3 -2 0 -3    0 -3 2 -4    2 -4 5 -7    5 -7 6 -10    6 -10 6 -11    6 -11 5 -12    5 -12 4 -12    4 -12 2 -11    2 -11 0 -9    0 -9 -1 -7    -1 -7 -2 -4    -2 -4 -2 -1    -2 -1 -1 1    -1 1 1 2    1 2 3 2    3 2 5 1    5 1 7 -1    7 -1 8 -3    5 -12 3 -11    3 -11 1 -9    1 -9 0 -7    0 -7 -1 -4    -1 -4 -1 0    -1 0 1 2    8 -3 7 1    7 1 5 5    5 5 3 7    3 7 1 8    1 8 -3 9    -3 9 -6 9    -6 9 -8 8    -8 8 -9 6    -9 6 -9 5    -9 5 -8 4    -8 4 -7 5    -7 5 -8 6    7 1 5 4    5 4 3 6    3 6 0 8    0 8 -3 9    99999
72 -12 12 47 -6 -6 -7 -7    -7 -7 -7 -9    -7 -9 -6 -11    -6 -11 -3 -12    -3 -12 0 -12    0 -12 -3 -1    -3 -1 -5 5    -5 5 -6 7    -6 7 -7 8    -7 8 -9 9    -9 9 -11 9    -11 9 -12 8    -12 8 -12 6    -12 6 -11 5    -11 5 -10 6    -10 6 -11 7    0 -12 -3 -3    -3 -3 -4 0    -4 0 -6 5    -6 5 -7 7    -7 7 -9 9    -8 2 -7 1    -7 1 -5 0    -5 0 4 -3    4 -3 6 -4    6 -4 9 -6    9 -6 11 -8    11 -8 12 -10    12 -10 12 -11    12 -11 11 -12    11 -12 10 -12    10 -12 8 -11    8 -11 6 -8    6 -8 5 -6    5 -6 3 0    3 0 2 4    2 4 2 7    2 7 4 9    4 9 5 9    5 9 7 8    7 8 9 6    10 -12 8 -10    8 -10 6 -6    6 -6 4 0    4 0 3 4    3 4 3 7    3 7 4 9    99999
73 -9 7 29 5 -10 3 -7    3 -7 1 -2    1 -2 -1 3    -1 3 -2 5    -2 5 -4 8    -4 8 -6 9    7 -6 5 -4    5 -4 2 -3    2 -3 -1 -3    -1 -3 -3 -4    -3 -4 -4 -6    -4 -6 -4 -8    -4 -8 -3 -10    -3 -10 -1 -11    -1 -11 3 -12    3 -12 7 -12    7 -12 5 -10    5 -10 4 -8    4 -8 2 -2    2 -2 0 4    0 4 -1 6    -1 6 -3 8    -3 8 -6 9    -6 9 -8 9    -8 9 -9 8    -9 8 -9 6    -9 6 -8 5    -8 5 -7 6    -7 6 -8 7    99999
74 -9 8 30 7 -12 5 -10    5 -10 3 -7    3 -7 1 -2    1 -2 -2 7    -2 7 -4 11    7 -5 5 -3    5 -3 2 -2    2 -2 -1 -2    -1 -2 -3 -3    -3 -3 -4 -5    -4 -5 -4 -7    -4 -7 -3 -9    -3 -9 -1 -11    -1 -11 3 -12    3 -12 7 -12    7 -12 5 -9    5 -9 4 -7    4 -7 1 2    1 2 -1 6    -1 6 -2 8    -2 8 -4 11    -4 11 -5 12    -5 12 -7 13    -7 13 -8 12    -8 12 -8 10    -8 10 -7 8    -7 8 -5 6    -5 6 -3 5    -3 5 0 4    0 4 4 3    99999
75 -12 12 47 -6 -6 -7 -7    -7 -7 -7 -9    -7 -9 -5 -11    -5 -11 -2 -12    -2 -12 0 -12    0 -12 -3 -1    -3 -1 -5 5    -5 5 -6 7    -6 7 -7 8    -7 8 -9 9    -9 9 -11 9    -11 9 -12 8    -12 8 -12 6    -12 6 -11 5    -11 5 -10 6    -10 6 -11 7    0 -12 -3 -3    -3 -3 -4 0    -4 0 -6 5    -6 5 -7 7    -7 7 -9 9    8 -11 5 -7    5 -7 3 -5    3 -5 1 -4    1 -4 -2 -3    11 -11 10 -10    10 -10 11 -9    11 -9 12 -10    12 -10 12 -11    12 -11 11 -12    11 -12 10 -12    10 -12 8 -11    8 -11 5 -6    5 -6 4 -5    4 -5 2 -4    2 -4 -2 -3    -2 -3 1 -2    1 -2 2 0    2 0 3 7    3 7 4 9    -2 -3 0 -2    0 -2 1 0    1 0 2 7    2 7 4 9    4 9 5 9    5 9 7 8    7 8 9 6    99999
76 -9 9 36 -5 -9 -6 -7    -6 -7 -6 -5    -6 -5 -5 -3    -5 -3 -3 -2    -3 -2 0 -2    0 -2 3 -3    3 -3 5 -4    5 -4 8 -7    8 -7 9 -10    9 -10 9 -11    9 -11 8 -12    8 -12 7 -12    7 -12 5 -11    5 -11 4 -10    4 -10 2 -7    2 -7 -2 3    -2 3 -3 5    -3 5 -5 8    -5 8 -7 9    4 -10 2 -6    2 -6 0 1    0 1 -1 4    -1 4 -2 6    -2 6 -4 8    -4 8 -7 9    -7 9 -9 9    -9 9 -10 8    -10 8 -10 6    -10 6 -9 5    -9 5 -7 5    -7 5 -5 6    -5 6 -2 8    -2 8 0 9    0 9 3 9    3 9 5 8    5 8 7 6    99999
77 -14 14 37 0 -12 -4 -3    -4 -3 -7 3    -7 3 -9 6    -9 6 -11 8    -11 8 -13 9    -13 9 -15 9    -15 9 -16 8    -16 8 -16 6    -16 6 -15 5    -15 5 -14 6    -14 6 -15 7    0 -12 -2 -5    -2 -5 -3 -1    -3 -1 -4 4    -4 4 -4 8    -4 8 -2 9    0 -12 -1 -8    -1 -8 -2 -3    -2 -3 -3 4    -3 4 -3 8    -3 8 -2 9    9 -12 5 -3    5 -3 0 6    0 6 -2 9    9 -12 7 -5    7 -5 6 -1    6 -1 5 4    5 4 5 8    5 8 7 9    7 9 8 9    8 9 10 8    10 8 12 6    9 -12 8 -8    8 -8 7 -3    7 -3 6 4    6 4 6 8    6 8 7 9    99999
78 -11 12 30 0 -12 -1 -8    -1 -8 -3 -2    -3 -2 -5 3    -5 3 -6 5    -6 5 -8 8    -8 8 -10 9    -10 9 -12 9    -12 9 -13 8    -13 8 -13 6    -13 6 -12 5    -12 5 -11 6    -11 6 -12 7    0 -12 0 -7    0 -7 1 4    1 4 2 9    0 -12 1 -7    1 -7 2 4    2 4 2 9    14 -11 13 -10    13 -10 14 -9    14 -9 15 -10    15 -10 15 -11    15 -11 14 -12    14 -12 12 -12    12 -12 10 -11    10 -11 8 -8    8 -8 7 -6    7 -6 5 -1    5 -1 3 5    3 5 2 9    99999
79 -10 11 30 1 -12 -1 -11    -1 -11 -3 -9    -3 -9 -5 -6    -5 -6 -6 -4    -6 -4 -7 0    -7 0 -7 4    -7 4 -6 7    -6 7 -5 8    -5 8 -3 9    -3 9 -1 9    -1 9 2 8    2 8 4 6    4 6 6 3    6 3 7 1    7 1 8 -3    8 -3 8 -7    8 -7 7 -10    7 -10 6 -11    6 -11 5 -11    5 -11 3 -10    3 -10 1 -8    1 -8 -1 -4    -1 -4 -2 1    -2 1 -2 4    -1 -11 -3 -8    -3 -8 -5 -4    -5 -4 -6 0    -6 0 -6 4    -6 4 -5 7    -5 7 -3 9    99999
80 -12 11 45 3 -11 2 -10    2 -10 1 -8    1 -8 -1 -3    -1 -3 -3 3    -3 3 -4 5    -4 5 -6 8    -6 8 -8 9    2 -10 1 -7    1 -7 -1 1    -1 1 -2 4    -2 4 -3 6    -3 6 -5 8    -5 8 -8 9    -8 9 -10 9    -10 9 -11 8    -11 8 -11 6    -11 6 -10 5    -10 5 -9 6    -9 6 -10 7    -3 -6 -4 -4    -4 -4 -5 -3    -5 -3 -7 -3    -7 -3 -8 -4    -8 -4 -8 -6    -8 -6 -7 -8    -7 -8 -5 -10    -5 -10 -3 -11    -3 -11 0 -12    0 -12 4 -12    4 -12 7 -11    7 -11 8 -10    8 -10 9 -8    9 -8 9 -5    9 -5 8 -3    8 -3 7 -2    7 -2 4 -1    4 -1 2 -1    2 -1 0 -2    4 -12 6 -11    6 -11 7 -10    7 -10 8 -8    8 -8 8 -5    8 -5 7 -3    7 -3 6 -2    6 -2 4 -1    99999
81 -10 11 39 3 -8 3 -6    3 -6 2 -4    2 -4 1 -3    1 -3 -1 -2    -1 -2 -3 -2    -3 -2 -4 -4    -4 -4 -4 -6    -4 -6 -3 -9    -3 -9 -1 -11    -1 -11 2 -12    2 -12 5 -12    5 -12 7 -11    7 -11 8 -9    8 -9 8 -5    8 -5 7 -2    7 -2 5 1    5 1 1 5    1 5 -2 7    -2 7 -4 8    -4 8 -7 9    -7 9 -9 9    -9 9 -10 8    -10 8 -10 6    -10 6 -9 5    -9 5 -7 5    -7 5 -5 6    -5 6 -2 8    -2 8 1 9    1 9 4 9    4 9 6 8    6 8 8 6    5 -12 6 -11    6 -11 7 -9    7 -9 7 -5    7 -5 6 -2    6 -2 4 1    4 1 1 4    1 4 -3 7    -3 7 -7 9    99999
82 -12 12 53 3 -11 2 -10    2 -10 1 -8    1 -8 -1 -3    -1 -3 -3 3    -3 3 -4 5    -4 5 -6 8    -6 8 -8 9    2 -10 1 -7    1 -7 -1 1    -1 1 -2 4    -2 4 -3 6    -3 6 -5 8    -5 8 -8 9    -8 9 -10 9    -10 9 -11 8    -11 8 -11 6    -11 6 -10 5    -10 5 -9 6    -9 6 -10 7    -3 -6 -4 -4    -4 -4 -5 -3    -5 -3 -7 -3    -7 -3 -8 -4    -8 -4 -8 -6    -8 -6 -7 -8    -7 -8 -5 -10    -5 -10 -3 -11    -3 -11 0 -12    0 -12 5 -12    5 -12 8 -11    8 -11 9 -9    9 -9 9 -7    9 -7 8 -5    8 -5 7 -4    7 -4 4 -3    4 -3 0 -3    5 -12 7 -11    7 -11 8 -9    8 -9 8 -7    8 -7 7 -5    7 -5 6 -4    6 -4 4 -3    0 -3 3 -2    3 -2 4 0    4 0 5 7    5 7 6 9    0 -3 2 -2    2 -2 3 0    3 0 4 7    4 7 6 9    6 9 7 9    7 9 9 8    9 8 11 6    99999
83 -10 10 32 -4 -9 -5 -7    -5 -7 -5 -5    -5 -5 -4 -3    -4 -3 -2 -2    -2 -2 1 -2    1 -2 4 -3    4 -3 6 -4    6 -4 9 -7    9 -7 10 -10    10 -10 10 -11    10 -11 9 -12    9 -12 8 -12    8 -12 6 -11    6 -11 5 -10    5 -10 4 -8    4 -8 3 -5    3 -5 1 2    1 2 0 5    0 5 -2 8    -2 8 -4 9    4 -8 3 -4    3 -4 2 3    2 3 1 6    1 6 -1 8    -1 8 -4 9    -4 9 -7 9    -7 9 -9 8    -9 8 -10 6    -10 6 -10 5    -10 5 -9 4    -9 4 -8 5    -8 5 -9 6    99999
84 -9 9 32 7 -10 6 -8    6 -8 4 -3    4 -3 2 3    2 3 1 5    1 5 -1 8    -1 8 -3 9    1 -6 0 -4    0 -4 -2 -3    -2 -3 -4 -3    -4 -3 -5 -5    -5 -5 -5 -7    -5 -7 -4 -9    -4 -9 -2 -11    -2 -11 1 -12    1 -12 10 -12    10 -12 8 -11    8 -11 7 -10    7 -10 6 -7    6 -7 4 1    4 1 3 4    3 4 2 6    2 6 0 8    0 8 -3 9    -3 9 -5 9    -5 9 -7 8    -7 8 -8 7    -8 7 -8 6    -8 6 -7 5    -7 5 -6 6    -6 6 -7 7    3 -12 7 -11    7 -11 8 -11    99999
85 -11 11 31 -10 -8 -8 -11    -8 -11 -6 -12    -6 -12 -5 -12    -5 -12 -3 -10    -3 -10 -3 -7    -3 -7 -4 -4    -4 -4 -7 4    -7 4 -7 7    -7 7 -6 9    -5 -12 -4 -10    -4 -10 -4 -7    -4 -7 -7 1    -7 1 -8 4    -8 4 -8 7    -8 7 -6 9    -6 9 -4 9    -4 9 -2 8    -2 8 1 5    1 5 3 2    3 2 4 0    8 -12 4 0    4 0 3 4    3 4 3 7    3 7 5 9    5 9 6 9    6 9 8 8    8 8 10 6    9 -12 5 0    5 0 4 4    4 4 4 7    4 7 5 9    99999
86 -11 10 32 -10 -8 -8 -11    -8 -11 -6 -12    -6 -12 -5 -12    -5 -12 -3 -10    -3 -10 -3 -7    -3 -7 -4 -3    -4 -3 -6 4    -6 4 -6 7    -6 7 -5 9    -5 -12 -4 -10    -4 -10 -4 -7    -4 -7 -6 0    -6 0 -7 4    -7 4 -7 7    -7 7 -5 9    -5 9 -4 9    -4 9 -1 8    -1 8 2 5    2 5 4 2    4 2 6 -2    6 -2 7 -5    7 -5 8 -9    8 -9 8 -11    8 -11 7 -12    7 -12 6 -12    6 -12 5 -11    5 -11 4 -9    4 -9 4 -6    4 -6 5 -4    5 -4 7 -2    7 -2 9 -1    9 -1 11 -1    99999
87 -12 11 29 -9 -6 -10 -6    -10 -6 -11 -7    -11 -7 -11 -9    -11 -9 -10 -11    -10 -11 -8 -12    -8 -12 -4 -12    -4 -12 -5 -10    -5 -10 -6 -6    -6 -6 -7 3    -7 3 -8 9    -6 -6 -6 3    -6 3 -7 9    4 -12 2 -10    2 -10 0 -6    0 -6 -3 3    -3 3 -5 7    -5 7 -7 9    4 -12 3 -10    3 -10 2 -6    2 -6 1 3    1 3 0 9    2 -6 2 3    2 3 1 9    14 -12 12 -11    12 -11 10 -9    10 -9 8 -6    8 -6 5 3    5 3 3 7    3 7 1 9    99999
88 -10 10 46 -2 -7 -3 -6    -3 -6 -5 -6    -5 -6 -6 -7    -6 -7 -6 -9    -6 -9 -5 -11    -5 -11 -3 -12    -3 -12 -1 -12    -1 -12 1 -11    1 -11 2 -9    2 -9 2 -6    2 -6 1 -2    1 -2 -1 3    -1 3 -3 6    -3 6 -5 8    -5 8 -8 9    -8 9 -10 9    -10 9 -11 8    -11 8 -11 6    -11 6 -10 5    -10 5 -9 6    -9 6 -10 7    -1 -12 0 -11    0 -11 1 -9    1 -9 1 -6    1 -6 0 -2    0 -2 -2 3    -2 3 -4 6    -4 6 -6 8    -6 8 -8 9    11 -11 10 -10    10 -10 11 -9    11 -9 12 -10    12 -10 12 -11    12 -11 11 -12    11 -12 9 -12    9 -12 7 -11    7 -11 5 -9    5 -9 3 -6    3 -6 1 -2    1 -2 0 3    0 3 0 6    0 6 1 8    1 8 2 9    2 9 3 9    3 9 5 8    5 8 7 6    99999
89 -11 11 34 -8 -8 -6 -11    -6 -11 -4 -12    -4 -12 -3 -12    -3 -12 -1 -11    -1 -11 -1 -9    -1 -9 -3 -3    -3 -3 -3 0    -3 0 -2 2    -3 -12 -2 -11    -2 -11 -2 -9    -2 -9 -4 -3    -4 -3 -4 0    -4 0 -2 2    -2 2 0 2    0 2 3 1    3 1 5 -1    5 -1 7 -4    7 -4 8 -6    10 -12 8 -6    8 -6 5 2    5 2 3 6    11 -12 9 -6    9 -6 7 -1    7 -1 5 3    5 3 3 6    3 6 1 8    1 8 -2 9    -2 9 -6 9    -6 9 -8 8    -8 8 -9 6    -9 6 -9 5    -9 5 -8 4    -8 4 -7 5    -7 5 -8 6    99999
90 -11 10 38 8 -10 7 -8    7 -8 5 -3    5 -3 4 0    4 0 3 2    3 2 1 5    1 5 -1 7    -1 7 -3 8    -3 8 -6 9    1 -6 0 -4    0 -4 -2 -3    -2 -3 -4 -3    -4 -3 -5 -5    -5 -5 -5 -7    -5 -7 -4 -9    -4 -9 -2 -11    -2 -11 1 -12    1 -12 11 -12    11 -12 9 -11    9 -11 8 -10    8 -10 7 -7    7 -7 6 -3    6 -3 4 3    4 3 2 6    2 6 -1 8    -1 8 -6 9    -6 9 -10 9    -10 9 -11 8    -11 8 -11 6    -11 6 -10 5    -10 5 -8 5    -8 5 -6 6    -6 6 -3 8    -3 8 -1 9    -1 9 2 9    2 9 5 8    5 8 7 6    4 -12 8 -11    8 -11 9 -11    99999
91 -7 7 4 -3 -16 -3 16    -2 -16 -2 16    -3 -16 4 -16    -3 16 4 16    99999
92 -7 7 1 -7 -12 7 12    99999
93 -7 7 4 2 -16 2 16    3 -16 3 16    -4 -16 3 -16    -4 16 3 16    99999
94 -8 8 5 -2 -6 0 -9    0 -9 2 -6    -5 -3 0 -8    0 -8 5 -3    0 -8 0 9    99999
95 -8 8 1 -8 11 8 11    99999
96 -5 6 6 4 -12 2 -10    2 -10 1 -8    1 -8 1 -7    1 -7 2 -6    2 -6 3 -7    3 -7 2 -8    99999
97 -7 9 25 3 3 2 1    2 1 0 0    0 0 -2 0    -2 0 -4 1    -4 1 -5 2    -5 2 -6 4    -6 4 -6 6    -6 6 -5 8    -5 8 -3 9    -3 9 -1 9    -1 9 1 8    1 8 2 6    -2 0 -4 2    -4 2 -5 4    -5 4 -5 7    -5 7 -3 9    4 0 2 6    2 6 2 8    2 8 4 9    4 9 6 8    6 8 7 7    7 7 9 4    5 0 3 6    3 6 3 8    3 8 4 9    99999
98 -6 8 17 -6 4 -4 1    -4 1 -2 -3    1 -12 -5 6    -5 6 -5 8    -5 8 -3 9    -3 9 -2 9    -2 9 0 8    0 8 2 6    2 6 3 3    3 3 3 0    3 0 4 4    4 4 5 5    5 5 6 5    6 5 8 4    2 -12 -4 6    -4 6 -4 8    -4 8 -3 9    99999
99 -6 6 18 2 1 1 2    1 2 2 2    2 2 2 1    2 1 1 0    1 0 -1 0    -1 0 -3 1    -3 1 -4 2    -4 2 -5 4    -5 4 -5 6    -5 6 -4 8    -4 8 -2 9    -2 9 1 9    1 9 4 7    4 7 6 4    -1 0 -3 2    -3 2 -4 4    -4 4 -4 7    -4 7 -2 9    99999
100 -7 9 25 3 3 2 1    2 1 0 0    0 0 -2 0    -2 0 -4 1    -4 1 -5 2    -5 2 -6 4    -6 4 -6 6    -6 6 -5 8    -5 8 -3 9    -3 9 -1 9    -1 9 1 8    1 8 2 6    -2 0 -4 2    -4 2 -5 4    -5 4 -5 7    -5 7 -3 9    8 -12 2 6    2 6 2 8    2 8 4 9    4 9 6 8    6 8 7 7    7 7 9 4    9 -12 3 6    3 6 3 8    3 8 4 9    99999
101 -6 6 19 -3 7 -1 6    -1 6 0 5    0 5 1 3    1 3 1 1    1 1 0 0    0 0 -1 0    -1 0 -3 1    -3 1 -4 2    -4 2 -5 4    -5 4 -5 6    -5 6 -4 8    -4 8 -2 9    -2 9 1 9    1 9 4 7    4 7 6 4    -1 0 -3 2    -3 2 -4 4    -4 4 -4 7    -4 7 -2 9    99999
102 -3 6 23 0 0 3 -3    3 -3 5 -6    5 -6 6 -9    6 -9 6 -11    6 -11 5 -12    5 -12 3 -11    3 -11 2 -9    2 -9 -7 18    -7 18 -7 20    -7 20 -6 21    -6 21 -4 20    -4 20 -3 17    -3 17 -2 8    -2 8 -1 9    -1 9 1 9    1 9 3 8    3 8 4 7    4 7 6 4    2 -9 1 -4    1 -4 0 0    0 0 -3 9    -3 9 -5 14    -5 14 -7 18    99999
103 -7 9 30 3 3 2 1    2 1 0 0    0 0 -2 0    -2 0 -4 1    -4 1 -5 2    -5 2 -6 4    -6 4 -6 6    -6 6 -5 8    -5 8 -3 9    -3 9 -1 9    -1 9 1 8    1 8 2 6    -2 0 -4 2    -4 2 -5 4    -5 4 -5 7    -5 7 -3 9    4 0 -2 18    5 0 2 9    2 9 0 14    0 14 -2 18    -2 18 -3 20    -3 20 -5 21    -5 21 -6 20    -6 20 -6 18    -6 18 -5 15    -5 15 -3 13    -3 13 0 11    0 11 4 9    4 9 7 7    7 7 9 4    99999
104 -6 9 20 -6 4 -4 1    -4 1 -2 -3    1 -12 -6 9    2 -12 -5 9    -3 3 -1 1    -1 1 1 0    1 0 2 0    2 0 4 1    4 1 4 3    4 3 3 6    3 6 3 8    3 8 4 9    2 0 3 1    3 1 3 3    3 3 2 6    2 6 2 8    2 8 4 9    4 9 6 8    6 8 7 7    7 7 9 4    99999
105 -4 4 13 1 -6 0 -5    0 -5 1 -4    1 -4 2 -5    2 -5 1 -6    -1 0 -3 6    -3 6 -3 8    -3 8 -1 9    -1 9 1 8    1 8 2 7    2 7 4 4    0 0 -2 6    -2 6 -2 8    -2 8 -1 9    99999
106 -4 4 18 1 -6 0 -5    0 -5 1 -4    1 -4 2 -5    2 -5 1 -6    -1 0 -7 18    0 0 -3 9    -3 9 -5 14    -5 14 -7 18    -7 18 -8 20    -8 20 -10 21    -10 21 -11 20    -11 20 -11 18    -11 18 -10 15    -10 15 -8 13    -8 13 -5 11    -5 11 -1 9    -1 9 2 7    2 7 4 4    99999
107 -6 8 19 -6 4 -4 1    -4 1 -2 -3    1 -12 -6 9    2 -12 -5 9    3 0 3 1    3 1 4 1    4 1 3 0    3 0 2 0    2 0 0 2    0 2 -3 3    -3 3 0 4    0 4 1 8    1 8 2 9    -3 3 -1 4    -1 4 0 8    0 8 2 9    2 9 3 9    3 9 6 7    6 7 8 4    99999
108 -4 4 11 -4 4 -2 1    -2 1 0 -3    3 -12 -3 6    -3 6 -3 8    -3 8 -1 9    -1 9 1 8    1 8 2 7    2 7 4 4    4 -12 -2 6    -2 6 -2 8    -2 8 -1 9    99999
109 -13 12 33 -13 4 -11 1    -11 1 -9 0    -9 0 -7 1    -7 1 -7 3    -7 3 -9 9    -9 0 -8 1    -8 1 -8 3    -8 3 -10 9    -7 3 -5 1    -5 1 -3 0    -3 0 -2 0    -2 0 0 1    0 1 0 3    0 3 -2 9    -2 0 -1 1    -1 1 -1 3    -1 3 -3 9    0 3 2 1    2 1 4 0    4 0 5 0    5 0 7 1    7 1 7 3    7 3 6 6    6 6 6 8    6 8 7 9    5 0 6 1    6 1 6 3    6 3 5 6    5 6 5 8    5 8 7 9    7 9 9 8    9 8 10 7    10 7 12 4    99999
110 -9 9 24 -9 4 -7 1    -7 1 -5 0    -5 0 -3 1    -3 1 -3 3    -3 3 -5 9    -5 0 -4 1    -4 1 -4 3    -4 3 -6 9    -3 3 -1 1    -1 1 1 0    1 0 2 0    2 0 4 1    4 1 4 3    4 3 3 6    3 6 3 8    3 8 4 9    2 0 3 1    3 1 3 3    3 3 2 6    2 6 2 8    2 8 4 9    4 9 6 8    6 8 7 7    7 7 9 4    99999
111 -7 7 25 0 0 -2 0    -2 0 -4 1    -4 1 -5 2    -5 2 -6 4    -6 4 -6 6    -6 6 -5 8    -5 8 -3 9    -3 9 -1 9    -1 9 1 8    1 8 2 7    2 7 3 5    3 5 3 3    3 3 2 1    2 1 0 0    0 0 -1 1    -1 1 -1 3    -1 3 0 5    0 5 2 6    2 6 4 6    4 6 6 5    6 5 7 4    -2 0 -4 2    -4 2 -5 4    -5 4 -5 7    -5 7 -3 9    99999
112 -6 9 20 -6 4 -4 1    -4 1 -2 -3    -1 -6 -10 21    0 -6 -9 21    -3 3 -1 1    -1 1 1 0    1 0 2 0    2 0 4 1    4 1 4 3    4 3 3 6    3 6 3 8    3 8 4 9    2 0 3 1    3 1 3 3    3 3 2 6    2 6 2 8    2 8 4 9    4 9 6 8    6 8 7 7    7 7 9 4    99999
113 -7 9 27 3 3 2 1    2 1 0 0    0 0 -2 0    -2 0 -4 1    -4 1 -5 2    -5 2 -6 4    -6 4 -6 6    -6 6 -5 8    -5 8 -3 9    -3 9 -1 9    -1 9 1 8    -2 0 -4 2    -4 2 -5 4    -5 4 -5 7    -5 7 -3 9    4 0 -2 18    -2 18 -2 20    -2 20 -1 21    -1 21 1 20    1 20 2 17    2 17 2 9    2 9 4 9    4 9 7 7    7 7 9 4    5 0 2 9    2 9 0 14    0 14 -2 18    99999
114 -6 8 16 -6 4 -4 1    -4 1 -2 0    -2 0 0 1    0 1 0 3    0 3 -2 9    -2 0 -1 1    -1 1 -1 3    -1 3 -3 9    0 3 2 1    2 1 4 0    4 0 5 0    5 0 4 3    4 0 4 3    4 3 5 5    5 5 6 5    6 5 8 4    99999
115 -4 8 16 -4 4 -2 1    -2 1 -1 -1    -1 -1 -1 1    -1 1 2 3    2 3 3 5    3 5 3 7    3 7 2 8    2 8 0 9    -1 1 1 3    1 3 2 5    2 5 2 7    2 7 0 9    -4 8 -2 9    -2 9 3 9    3 9 6 7    6 7 8 4    99999
116 -4 4 12 -4 4 -2 1    -2 1 0 -3    3 -12 -3 6    -3 6 -3 8    -3 8 -1 9    -1 9 1 8    1 8 2 7    2 7 4 4    4 -12 -2 6    -2 6 -2 8    -2 8 -1 9    -2 -4 4 -4    99999
117 -7 9 19 -4 0 -6 6    -6 6 -6 8    -6 8 -4 9    -4 9 -3 9    -3 9 -1 8    -1 8 1 6    1 6 3 3    -3 0 -5 6    -5 6 -5 8    -5 8 -4 9    4 0 2 6    2 6 2 8    2 8 4 9    4 9 6 8    6 8 7 7    7 7 9 4    5 0 3 6    3 6 3 8    3 8 4 9    99999
118 -7 8 17 -4 0 -5 2    -5 2 -6 5    -6 5 -6 8    -6 8 -4 9    -4 9 -3 9    -3 9 0 8    0 8 2 6    2 6 3 3    3 3 3 0    -3 0 -4 2    -4 2 -5 5    -5 5 -5 8    -5 8 -4 9    3 0 4 4    4 4 5 5    5 5 6 5    6 5 8 4    99999
119 -10 11 26 -6 0 -8 2    -8 2 -9 5    -9 5 -9 8    -9 8 -7 9    -7 9 -6 9    -6 9 -4 8    -4 8 -2 6    -5 0 -7 2    -7 2 -8 5    -8 5 -8 8    -8 8 -7 9    0 0 -2 6    -2 6 -2 8    -2 8 0 9    0 9 1 9    1 9 3 8    3 8 5 6    5 6 6 3    6 3 6 0    1 0 -1 6    -1 6 -1 8    -1 8 0 9    6 0 7 4    7 4 8 5    8 5 9 5    9 5 11 4    99999
120 -8 8 30 -8 4 -6 1    -6 1 -4 0    -4 0 -2 0    -2 0 -1 1    -1 1 -1 3    -1 3 -2 6    -2 6 -3 8    -3 8 -5 9    -5 9 -6 9    -6 9 -7 8    -7 8 -7 7    -7 7 -6 7    -6 7 -7 8    5 1 4 2    4 2 5 2    5 2 5 1    5 1 4 0    4 0 3 0    3 0 1 1    1 1 0 3    0 3 -1 6    -1 6 -1 8    -1 8 0 9    0 9 3 9    3 9 6 7    6 7 8 4    -1 1 0 3    1 1 -1 3    -2 6 -1 8    -1 6 -3 8    99999
121 -7 9 24 -4 0 -6 6    -6 6 -6 8    -6 8 -4 9    -4 9 -3 9    -3 9 -1 8    -1 8 1 6    1 6 3 3    -3 0 -5 6    -5 6 -5 8    -5 8 -4 9    4 0 -2 18    5 0 2 9    2 9 0 14    0 14 -2 18    -2 18 -3 20    -3 20 -5 21    -5 21 -6 20    -6 20 -6 18    -6 18 -5 15    -5 15 -3 13    -3 13 0 11    0 11 4 9    4 9 7 7    7 7 9 4    99999
122 -6 7 30 -6 4 -4 1    -4 1 -2 0    -2 0 0 0    0 0 2 1    2 1 2 4    2 4 1 6    1 6 -2 8    -2 8 -4 9    0 0 1 1    1 1 1 4    1 4 0 6    0 6 -2 8    -4 9 -2 10    -2 10 -1 12    -1 12 -1 15    -1 15 -2 18    -2 18 -4 20    -4 20 -6 21    -6 21 -7 20    -7 20 -7 18    -7 18 -6 15    -6 15 -3 12    -3 12 0 10    0 10 4 7    4 7 7 4    -4 9 -3 10    -3 10 -2 12    -2 12 -2 15    -2 15 -3 18    -3 18 -4 20    99999
123 -7 7 34 2 -16 0 -15    0 -15 -1 -14    -1 -14 -2 -12    -2 -12 -2 -10    -2 -10 -1 -8    -1 -8 0 -7    0 -7 1 -5    1 -5 1 -3    1 -3 -1 -1    0 -15 -1 -13    -1 -13 -1 -11    -1 -11 0 -9    0 -9 1 -8    1 -8 2 -6    2 -6 2 -4    2 -4 1 -2    1 -2 -3 0    -3 0 1 2    1 2 2 4    2 4 2 6    2 6 1 8    1 8 0 9    0 9 -1 11    -1 11 -1 13    -1 13 0 15    -1 1 1 3    1 3 1 5    1 5 0 7    0 7 -1 8    -1 8 -2 10    -2 10 -2 12    -2 12 -1 14    -1 14 0 15    0 15 2 16    99999
124 -4 4 1 0 -16 0 16    99999
125 -7 7 34 -2 -16 0 -15    0 -15 1 -14    1 -14 2 -12    2 -12 2 -10    2 -10 1 -8    1 -8 0 -7    0 -7 -1 -5    -1 -5 -1 -3    -1 -3 1 -1    0 -15 1 -13    1 -13 1 -11    1 -11 0 -9    0 -9 -1 -8    -1 -8 -2 -6    -2 -6 -2 -4    -2 -4 -1 -2    -1 -2 3 0    3 0 -1 2    -1 2 -2 4    -2 4 -2 6    -2 6 -1 8    -1 8 0 9    0 9 1 11    1 11 1 13    1 13 0 15    1 1 -1 3    -1 3 -1 5    -1 5 0 7    0 7 1 8    1 8 2 10    2 10 2 12    2 12 1 14    1 14 0 15    0 15 -2 16    99999
126 -12 12 20 -9 3 -9 1    -9 1 -8 -2    -8 -2 -6 -3    -6 -3 -4 -3    -4 -3 -2 -2    -2 -2 2 1    2 1 4 2    4 2 6 2    6 2 8 1    8 1 9 -1    -9 1 -8 -1    -8 -1 -6 -2    -6 -2 -4 -2    -4 -2 -2 -1    -2 -1 2 2    2 2 4 3    4 3 6 3    6 3 8 2    8 2 9 -1    9 -1 9 -3    99999
127 -7 8 12 1 -12 -1 -11    -1 -11 -2 -9    -2 -9 -2 -7    -2 -7 -1 -5    -1 -5 1 -4    1 -4 3 -4    3 -4 5 -5    5 -5 6 -7    6 -7 6 -9    6 -9 5 -11    5 -11 3 -12    3 -12 1 -12    99999
